
====================================
               Lotto                
====================================   
Rivi 1: 11 12 19 29 30 31 36       
Rivi 2:  1 15 24 29 37 38 40       
Rivi 3:  8 20 28 33 35 38 39       
Rivi 4:  2  6  8 14 18 35 39    
====================================
====================================
            Vikinglotto             
====================================  
Rivi 1: 07 26 31 36 38 41 | 04     
Rivi 2: 28 29 33 38 43 44 | 04     
Rivi 3: 02 11 20 21 37 47 | 03     
Rivi 4: 06 07 15 44 45 48 | 01     
Rivi 5: 06 13 15 26 37 45 | 05     
Rivi 6: 03 27 30 33 37 48 | 01     
Rivi 7: 07 12 14 29 37 40 | 02     
Rivi 8: 08 17 36 37 44 45 | 02     
Rivi 9: 01 06 13 19 24 36 | 02     
Rivi 10: 12 18 21 41 47 48 | 03  
====================================
====================================
             Eurojackot             
====================================  
Rivi 1: 22 24 31 35 49 | 04 12     
Rivi 2: 04 11 36 42 48 | 03 10     
Rivi 3: 22 23 32 42 47 | 06 12     
Rivi 4: 08 18 23 35 45 | 06 07     
Rivi 5: 04 05 08 18 50 | 09 12     
Rivi 6: 09 11 18 39 46 | 01 08     
Rivi 7: 09 26 28 33 43 | 06 08     
Rivi 8: 06 26 27 35 45 | 07 08   
====================================
====================================
               Lotto                
====================================   
Rivi 1:  4  6  9 12 25 28 30       
Rivi 2:  1  9 10 23 27 32 40       
Rivi 3:  7  9 10 19 22 29 33    
====================================